
state={
	id=5
	name="STATE_5"
	provinces={
		134 169 201 230 258 260 284 290 326 330 338 341 380 392 462 483 504 517 545 557 565 603 612 631 654 659 682 705 729 770 771 779 788 825 857 867 868 905 910 919 935 940 942 1023 1106 1130 1133 1155 1166 1172 1223 1225 1281 1302 1307 1314 1324 1336 1339 1340 1367 1370 1380 1418 1436 1437 1450 1467 1475 1494 1546 1558 1579 1580 1608 1618 1685 1695 1699 1701 1743 1755 1756 1778 1785 1831 1832 1846 1852 1891 1966 1982 1992 2047 2056 2071 2096 2098 2109 2131 2150 2176 2181 2182 2190 2191 2252 2253 2292 2308 2348 2350 2364 2370 2399 2411 2412 2413 2445 2481 2490 2491 2519 2535 2547 2549 2558 2603 2611 2632 2687 2690 2734 2770 2774 2775 2882 2921 2936 2984 3027 3039 3060 3074 3076 3092 3157 3178 3181 3234 3297 3310 3311 3322 3333 3336 3344 3348 3363 3394 3423 3426 3430 3441 3446 3467 3473 3479 3491 3507 3554 3566 3614 3622 3667 3676 3687 3698 3706 3757 3779 3789 3796 3843 3904 3906 3970 3995 4001 4024 4031 4037 4038 4046 4054 4080 4134 4141 4168 4186 4241 4277 4304 4329 4340 4354 4374 4397 4400 4434 4468 4469 4470 4489 4498 4510 4587 4625 4683 4697 4700 4747 4764 4771 4780 4789 4802 4826 4849 4863 4879 4887 4937 4940 5036 5052 5082 5098 5106 5170 5203 5233 5240 5246 5269 5273 5299 5310 5330 5364 5370 5376 5403 5438 5467 5495 5503 5522 5604 5608 5612 5646 5669 5689 5690 5753 5763 5772 5821 5833 5838 5884 5969 5980 5997 6018 6027 6054 6075 6078 6087 6109 6137 6140 6150 6168 6217 6232 6241 6247 6248 6260 6262 6318 6331 6332 6345 6360 6384 6397 6404 6405 6413 6429 6454 6476 6479 6500 6519 6524 6543 6611 6645 6654 6659 6667 6683 6722 6734 6737 6763 6788 6812 6826 6846 6848 6905 6952 7010 7020 7046 7057 7103 7128 7138 7155 7173 7191 7239 7255 7275 7283 7408 7421 7427 7430 7461 7462 7471 7498 7512 7521 7538 7557 7559 7560 7591 7678 7702 7747 7757 7793 7821 7824 7846 7867 7871 7880 7901 7917 7951 7984 7986 7996 8015 8042 8060 8065 8072 8078 8092 8149 8150 8151 8162 8176 8216 8230 8277 8315 8344 8365 8420 8426 8434 8439 8443 8475 8504 8506 8518 8590 8593 8604 8619 8655 8666 8669 8702 8726 8770 8787 8863 8880 8888 8947 8973 8974 8978 9026 9039 9055 9098 9101 9127 9148 9164 9168 9204 9240 9274 9300 9310 9336 9377 9384 9398 9403 9458 9467 9477 9491 9511 9561 9588 9602 9664 9673 9675 9676 9696 9718 9732 9743 9764 9768 9773 9805 9811 9831 9875 9877 9888 9906 9979 9987 9995 10030 10039 10053 10063 10067 10075 10093 10095 10159 10183 10185 10193 10197 10201 10231 10252 10255 10268 10299 10344 10345 10358 10380 10407 10408 10409 10419 10462 10487 10503 10518 10529 10538 10564 10570 10583 10633 10653 10657 10687 10701 10722 10723 10734 10763 10793 10817 10839 10889 10916 10941 10955 10980 10982 10987 10997 11011 11031 11036 11051 11072 11092 11124 11126 11136 11145 11198 11220 11228 11262 11285 11292 11305 11306 11329 11334 11344 11362 11367 11375 11381 11391 11415 11422 11455 11463 11479 11481 11485 11490 11493 11495 11509 11572 11596 11600 11614 11649 11665 11676 11684 11703 11745 11752 11755 11762 11805 11815 11838 11864 11882 11901 12024 12144 12242 12376 12387 12451 12460 12470 12477 12478 12494 12509 12512 12522 12542 12548 12557 12561 12586 12595 12596 12606 12628 12629 12639 12640 12657 12658 12663 12673 12677 12678 12679 12688 12696 12708 12709 12720 12724 12725 12727 12729 12730 12732 12734 12740 12754 12766 12769 12772 12773 12776 12787 12789 12793 12794 12804 12818 12827 12831 12832 12847 12854 12867 12872 12873 12876 12881 12896 12921 12924 12927 12935 12936 12941 12942 12949 12955 12959 12960 12970 12978 12979 12986 12987 12995 12996 13007 13017 13018 13019 13024 13036 13037 13063 13064 13067 13070 13071 13077 13084 13088 13092 13102 13103 13107 13111 13117 13139 13144 13148 13173 13184 13218 13219 13220 13225 13258 13267 13289 13300 13307 13309 13349 13357 13367 13382 13388 13394 13407 13424 13437 13444 13448 13465 13474 13497 13511 13548 13549 13550 13562 13585 13601 13605 13612 13616 13629 13630 13636 13644 13651 13662 13669 13674 13675 13682 13683 13686 13710 13714 13729 13730 13738 13743 13748 13756 13768 13779 13789 13792 13803 13821 13833 13837 13844 13845 13858 13864 13868 13870 13881 13891 13893 13909 13913 13918 13931 13938 13949 13984 14005 14013 14014 14018 14025 14032 14033 14037 14047 14057 14061 14067 14073 14078 14082 14099 14108 14119 14123 14124 14135 14166 14171 14179 14211 14222 14224 14227 14251 14256 14290 14327 16643 17428 17431 17433 17434 17443 17450 17452 17459 17474 17498 16646 14327
	}
	manpower=0
	buildings_max_level_factor=1.000
}
